,0,1,2,3,4,5,6,7,8,9,10,11,12,13,14,15,16,17,18,19,20,21,22,23,24,25,26,27,28,29
0,0.03333333333333333,0.03333333333333333,0.03333333333333333,0.03333333333333333,0.03333333333333333,0.03333333333333333,0.03333333333333333,0.03333333333333333,0.03333333333333333,0.03333333333333333,0.03333333333333333,0.03333333333333333,0.03333333333333333,0.03333333333333333,0.03333333333333333,0.03333333333333333,0.03333333333333333,0.03333333333333333,0.03333333333333333,0.03333333333333333,0.03333333333333333,0.03333333333333333,0.03333333333333333,0.03333333333333333,0.03333333333333333,0.03333333333333333,0.03333333333333333,0.03333333333333333,0.03333333333333333,0.03333333333333333
1,0.03333333333333333,0.03333333333333333,0.03333333333333333,0.03333333333333333,0.03333333333333333,0.03333333333333333,0.03333333333333333,0.03333333333333333,0.033333333333333326,0.03333333333333333,0.03333333333333333,0.03333333333333333,0.033333333333333326,0.03333333333333333,0.033333333333333326,0.03333333333333333,0.03333333333333333,0.03333333333333333,0.03333333333333333,0.03333333333333333,0.03333333333333333,0.03333333333333333,0.03333333333333333,0.03333333333333333,0.03333333333333333,0.03333333333333333,0.03333333333333333,0.03333333333333333,0.03333333333333333,0.03333333333333333
2,0.03333333333333333,0.03333333333333333,0.03333333333333333,0.03333333333333333,0.03333333333333333,0.03333333333333333,0.03333333333333333,0.03333333333333333,0.03333333333333333,0.03333333333333333,0.03333333333333333,0.03333333333333333,0.03333333333333333,0.03333333333333333,0.03333333333333333,0.03333333333333333,0.03333333333333333,0.03333333333333333,0.03333333333333333,0.03333333333333333,0.03333333333333333,0.03333333333333333,0.03333333333333333,0.03333333333333333,0.03333333333333333,0.03333333333333333,0.03333333333333333,0.03333333333333332,0.03333333333333332,0.03333333333333332
3,0.03333333333333333,0.03333333333333333,0.03333333333333333,0.03333333333333333,0.03333333333333333,0.03333333333333333,0.03333333333333333,0.03333333333333333,0.03333333333333333,0.03333333333333333,0.03333333333333333,0.03333333333333333,0.03333333333333333,0.03333333333333333,0.03333333333333333,0.03333333333333333,0.03333333333333333,0.03333333333333333,0.03333333333333333,0.03333333333333333,0.03333333333333333,0.03333333333333333,0.03333333333333333,0.03333333333333333,0.03333333333333333,0.03333333333333333,0.03333333333333333,0.03333333333333333,0.03333333333333333,0.03333333333333337
4,0.03333333333333333,0.03333333333333333,0.03333333333333333,0.03333333333333333,0.03333333333333333,0.03333333333333333,0.03333333333333333,0.03333333333333333,0.03333333333333333,0.03333333333333333,0.03333333333333333,0.03333333333333333,0.03333333333333333,0.03333333333333333,0.03333333333333333,0.03333333333333333,0.03333333333333333,0.03333333333333333,0.03333333333333333,0.03333333333333333,0.03333333333333333,0.03333333333333333,0.03333333333333333,0.03333333333333333,0.03333333333333333,0.03333333333333333,0.03333333333333333,0.03333333333333333,0.03333333333333333,0.03333333333333333
5,0.03333333333333333,0.03333333333333333,0.03333333333333333,0.03333333333333333,0.03333333333333333,0.03333333333333333,0.03333333333333333,0.03333333333333333,0.03333333333333333,0.03333333333333333,0.03333333333333333,0.03333333333333333,0.03333333333333333,0.03333333333333333,0.03333333333333333,0.03333333333333333,0.03333333333333333,0.03333333333333333,0.03333333333333333,0.03333333333333333,0.03333333333333333,0.03333333333333333,0.03333333333333333,0.03333333333333333,0.03333333333333333,0.03333333333333333,0.03333333333333333,0.03333333333333333,0.033333333333333354,0.033333333333333354
6,0.03333333333333334,0.03333333333333336,0.03333333333333333,0.03333333333333335,0.03333333333333335,0.03333333333333333,0.03333333333333335,0.033333333333333354,0.03333333333333333,0.03333333333333333,0.03333333333333333,0.03333333333333333,0.03333333333333333,0.03333333333333333,0.03333333333333333,0.03333333333333333,0.03333333333333333,0.03333333333333333,0.03333333333333333,0.03333333333333335,0.03333333333333333,0.03333333333333333,0.03333333333333334,0.03333333333333334,0.033333333333333375,0.03333333333333333,0.03333333333333335,0.033333333333333354,0.03333333333333333,0.03333333333333334
7,0.033333333333333326,0.033333333333333326,0.033333333333333326,0.033333333333333326,0.033333333333333326,0.033333333333333326,0.033333333333333326,0.033333333333333326,0.033333333333333326,0.033333333333333326,0.033333333333333326,0.033333333333333326,0.033333333333333326,0.033333333333333326,0.033333333333333326,0.033333333333333326,0.033333333333333326,0.033333333333333326,0.033333333333333326,0.033333333333333326,0.033333333333333326,0.033333333333333326,0.033333333333333326,0.033333333333333326,0.033333333333333326,0.033333333333333326,0.033333333333333326,0.033333333333333326,0.03333333333333343,0.03333333333333343
8,0.033333333333333326,0.033333333333333326,0.033333333333333326,0.033333333333333326,0.033333333333333326,0.033333333333333326,0.033333333333333326,0.033333333333333326,0.033333333333333326,0.033333333333333326,0.033333333333333326,0.033333333333333326,0.033333333333333326,0.033333333333333326,0.033333333333333326,0.033333333333333326,0.033333333333333326,0.033333333333333326,0.033333333333333326,0.033333333333333326,0.033333333333333326,0.033333333333333326,0.033333333333333326,0.033333333333333326,0.033333333333333326,0.03333333333333333,0.03333333333333333,0.03333333333333333,0.03333333333333333,0.03333333333333333
9,0.03333333333333333,0.03333333333333333,0.03333333333333333,0.03333333333333333,0.03333333333333333,0.03333333333333333,0.03333333333333333,0.03333333333333333,0.03333333333333333,0.03333333333333333,0.03333333333333333,0.03333333333333333,0.03333333333333333,0.03333333333333333,0.03333333333333333,0.03333333333333333,0.03333333333333333,0.03333333333333333,0.03333333333333333,0.03333333333333333,0.03333333333333333,0.03333333333333333,0.03333333333333333,0.03333333333333333,0.03333333333333333,0.03333333333333333,0.033333333333333305,0.033333333333333305,0.033333333333333305,0.033333333333333305
10,0.033333333333333326,0.033333333333333326,0.033333333333333326,0.033333333333333326,0.033333333333333326,0.033333333333333326,0.033333333333333326,0.033333333333333326,0.033333333333333326,0.033333333333333326,0.033333333333333326,0.033333333333333326,0.033333333333333326,0.033333333333333326,0.033333333333333326,0.033333333333333326,0.033333333333333326,0.033333333333333326,0.033333333333333326,0.033333333333333326,0.033333333333333326,0.033333333333333326,0.033333333333333326,0.033333333333333326,0.033333333333333326,0.033333333333333326,0.03333333333333333,0.033333333333333326,0.033333333333333375,0.033333333333333375
11,0.033333333333333326,0.03333333333333332,0.03333333333333332,0.03333333333333332,0.033333333333333326,0.03333333333333332,0.03333333333333332,0.03333333333333332,0.03333333333333332,0.03333333333333332,0.03333333333333332,0.03333333333333332,0.03333333333333332,0.03333333333333332,0.03333333333333332,0.03333333333333332,0.03333333333333332,0.03333333333333332,0.03333333333333332,0.03333333333333332,0.033333333333333326,0.03333333333333332,0.03333333333333332,0.03333333333333332,0.03333333333333332,0.03333333333333332,0.03333333333333332,0.033333333333333326,0.033333333333333416,0.033333333333333416
12,0.03333333333333333,0.03333333333333333,0.03333333333333333,0.03333333333333333,0.03333333333333333,0.03333333333333333,0.03333333333333333,0.03333333333333333,0.03333333333333333,0.03333333333333333,0.03333333333333333,0.03333333333333333,0.03333333333333333,0.03333333333333333,0.03333333333333333,0.03333333333333333,0.03333333333333333,0.03333333333333333,0.03333333333333333,0.03333333333333333,0.03333333333333333,0.03333333333333333,0.03333333333333333,0.03333333333333333,0.03333333333333333,0.03333333333333333,0.03333333333333333,0.03333333333333333,0.033333333333333375,0.033333333333333375
13,0.033333333333333326,0.033333333333333326,0.033333333333333326,0.033333333333333326,0.033333333333333326,0.033333333333333326,0.033333333333333326,0.033333333333333326,0.033333333333333326,0.033333333333333326,0.033333333333333326,0.033333333333333326,0.033333333333333326,0.033333333333333326,0.033333333333333326,0.033333333333333326,0.033333333333333326,0.033333333333333326,0.033333333333333326,0.033333333333333326,0.033333333333333326,0.033333333333333326,0.033333333333333326,0.033333333333333326,0.033333333333333326,0.033333333333333326,0.033333333333333326,0.03333333333333338,0.03333333333333338,0.03333333333333338
14,0.03333333333333333,0.03333333333333333,0.03333333333333333,0.03333333333333333,0.03333333333333333,0.03333333333333333,0.03333333333333333,0.03333333333333333,0.03333333333333333,0.03333333333333333,0.03333333333333333,0.03333333333333333,0.03333333333333333,0.03333333333333333,0.03333333333333333,0.03333333333333333,0.03333333333333333,0.03333333333333333,0.03333333333333333,0.03333333333333333,0.03333333333333333,0.03333333333333333,0.03333333333333333,0.03333333333333333,0.03333333333333333,0.033333333333333326,0.033333333333333326,0.033333333333333326,0.033333333333333326,0.033333333333333326
15,0.03333333333333333,0.03333333333333333,0.03333333333333333,0.03333333333333333,0.03333333333333333,0.03333333333333333,0.03333333333333333,0.03333333333333333,0.03333333333333333,0.03333333333333333,0.03333333333333333,0.03333333333333333,0.03333333333333333,0.03333333333333333,0.03333333333333333,0.03333333333333333,0.03333333333333333,0.03333333333333333,0.03333333333333333,0.03333333333333333,0.03333333333333333,0.03333333333333333,0.03333333333333333,0.03333333333333333,0.03333333333333333,0.03333333333333333,0.03333333333333333,0.03333333333333333,0.03333333333333333,0.03333333333333333
16,0.03333333333333333,0.03333333333333333,0.03333333333333333,0.03333333333333333,0.03333333333333333,0.03333333333333333,0.03333333333333333,0.03333333333333333,0.03333333333333333,0.03333333333333333,0.03333333333333333,0.03333333333333333,0.03333333333333333,0.03333333333333333,0.03333333333333333,0.03333333333333333,0.03333333333333333,0.03333333333333333,0.03333333333333333,0.03333333333333333,0.03333333333333333,0.03333333333333333,0.03333333333333333,0.03333333333333333,0.03333333333333333,0.03333333333333333,0.03333333333333333,0.03333333333333333,0.03333333333333333,0.03333333333333333
17,0.03333333333333333,0.03333333333333333,0.03333333333333333,0.03333333333333333,0.03333333333333333,0.03333333333333333,0.03333333333333333,0.03333333333333333,0.03333333333333333,0.03333333333333333,0.03333333333333333,0.03333333333333333,0.03333333333333333,0.03333333333333333,0.03333333333333333,0.03333333333333333,0.03333333333333333,0.03333333333333333,0.03333333333333333,0.03333333333333333,0.03333333333333333,0.03333333333333333,0.03333333333333333,0.03333333333333333,0.03333333333333333,0.03333333333333333,0.03333333333333333,0.033333333333333326,0.033333333333333326,0.033333333333333326
18,0.03333333333333333,0.03333333333333333,0.03333333333333333,0.03333333333333333,0.03333333333333333,0.03333333333333333,0.03333333333333333,0.03333333333333333,0.03333333333333333,0.03333333333333333,0.03333333333333333,0.03333333333333333,0.03333333333333333,0.03333333333333333,0.03333333333333333,0.03333333333333333,0.03333333333333333,0.03333333333333333,0.03333333333333333,0.03333333333333333,0.03333333333333333,0.03333333333333333,0.03333333333333333,0.03333333333333333,0.03333333333333333,0.03333333333333333,0.03333333333333333,0.03333333333333333,0.03333333333333333,0.033333333333333326
19,0.03333333333333333,0.03333333333333333,0.03333333333333333,0.03333333333333334,0.03333333333333333,0.03333333333333333,0.03333333333333333,0.03333333333333333,0.03333333333333333,0.03333333333333334,0.03333333333333334,0.03333333333333333,0.03333333333333333,0.03333333333333333,0.03333333333333333,0.03333333333333333,0.03333333333333333,0.03333333333333333,0.03333333333333334,0.03333333333333333,0.03333333333333333,0.03333333333333333,0.03333333333333333,0.03333333333333333,0.03333333333333334,0.03333333333333333,0.03333333333333335,0.03333333333333333,0.03333333333333333,0.03333333333333333
20,0.03333333333333333,0.03333333333333333,0.03333333333333333,0.03333333333333333,0.03333333333333333,0.03333333333333333,0.03333333333333333,0.03333333333333333,0.03333333333333333,0.03333333333333333,0.03333333333333333,0.03333333333333333,0.03333333333333333,0.03333333333333333,0.03333333333333333,0.03333333333333333,0.03333333333333333,0.03333333333333333,0.03333333333333333,0.03333333333333333,0.03333333333333333,0.03333333333333333,0.03333333333333333,0.03333333333333333,0.03333333333333333,0.03333333333333333,0.03333333333333333,0.03333333333333333,0.03333333333333333,0.03333333333333335
21,0.03333333333333333,0.03333333333333333,0.03333333333333333,0.03333333333333333,0.03333333333333333,0.03333333333333333,0.03333333333333333,0.03333333333333333,0.03333333333333333,0.03333333333333333,0.03333333333333333,0.03333333333333333,0.03333333333333333,0.03333333333333333,0.03333333333333333,0.03333333333333333,0.03333333333333333,0.03333333333333333,0.03333333333333333,0.03333333333333333,0.03333333333333333,0.03333333333333333,0.03333333333333333,0.03333333333333333,0.03333333333333333,0.03333333333333333,0.03333333333333333,0.03333333333333333,0.03333333333333333,0.03333333333333333
22,0.03333333333333333,0.03333333333333333,0.03333333333333333,0.03333333333333333,0.03333333333333333,0.03333333333333333,0.03333333333333333,0.03333333333333333,0.03333333333333333,0.03333333333333333,0.03333333333333333,0.03333333333333333,0.03333333333333333,0.03333333333333333,0.03333333333333333,0.03333333333333333,0.03333333333333333,0.03333333333333333,0.03333333333333333,0.03333333333333333,0.03333333333333333,0.03333333333333333,0.03333333333333333,0.03333333333333333,0.03333333333333333,0.03333333333333333,0.03333333333333333,0.03333333333333333,0.03333333333333333,0.03333333333333333
23,0.03333333333333333,0.03333333333333333,0.03333333333333333,0.03333333333333333,0.03333333333333333,0.03333333333333333,0.03333333333333333,0.03333333333333333,0.03333333333333333,0.03333333333333333,0.03333333333333333,0.03333333333333333,0.03333333333333333,0.03333333333333333,0.03333333333333333,0.03333333333333333,0.03333333333333333,0.03333333333333333,0.03333333333333333,0.03333333333333333,0.03333333333333333,0.03333333333333333,0.03333333333333333,0.03333333333333333,0.03333333333333333,0.03333333333333333,0.03333333333333333,0.03333333333333333,0.03333333333333333,0.03333333333333332
24,0.03333333333333333,0.03333333333333333,0.03333333333333334,0.03333333333333334,0.03333333333333333,0.03333333333333334,0.03333333333333334,0.03333333333333334,0.03333333333333334,0.03333333333333333,0.03333333333333333,0.03333333333333334,0.03333333333333333,0.03333333333333334,0.03333333333333334,0.03333333333333333,0.03333333333333334,0.03333333333333334,0.03333333333333334,0.03333333333333333,0.03333333333333334,0.03333333333333334,0.03333333333333334,0.03333333333333334,0.03333333333333334,0.03333333333333334,0.03333333333333334,0.03333333333333333,0.03333333333333333,0.03333333333333334
25,0.03333333333333334,0.03333333333333333,0.03333333333333333,0.03333333333333333,0.03333333333333333,0.03333333333333333,0.03333333333333333,0.03333333333333333,0.03333333333333333,0.03333333333333333,0.03333333333333333,0.03333333333333333,0.03333333333333333,0.03333333333333333,0.03333333333333333,0.03333333333333333,0.03333333333333333,0.03333333333333334,0.03333333333333333,0.03333333333333333,0.03333333333333333,0.03333333333333333,0.03333333333333333,0.03333333333333333,0.03333333333333333,0.03333333333333334,0.03333333333333334,0.03333333333333333,0.03333333333333333,0.03333333333333343
26,0.03333333333333333,0.03333333333333333,0.03333333333333333,0.03333333333333333,0.03333333333333333,0.03333333333333333,0.03333333333333333,0.03333333333333333,0.03333333333333333,0.03333333333333333,0.03333333333333333,0.03333333333333333,0.03333333333333333,0.03333333333333333,0.03333333333333333,0.03333333333333333,0.03333333333333333,0.03333333333333333,0.03333333333333333,0.03333333333333333,0.03333333333333334,0.03333333333333333,0.03333333333333333,0.03333333333333333,0.03333333333333333,0.03333333333333333,0.03333333333333333,0.03333333333333333,0.03333333333333333,0.0333333333333334
27,0.03333333333333334,0.03333333333333333,0.03333333333333334,0.03333333333333334,0.03333333333333333,0.03333333333333334,0.03333333333333334,0.03333333333333334,0.03333333333333333,0.03333333333333334,0.03333333333333334,0.03333333333333334,0.03333333333333334,0.03333333333333334,0.03333333333333333,0.03333333333333334,0.03333333333333333,0.03333333333333334,0.03333333333333334,0.03333333333333334,0.03333333333333332,0.03333333333333334,0.03333333333333334,0.03333333333333334,0.03333333333333334,0.033333333333333326,0.03333333333333334,0.03333333333333334,0.03333333333333334,0.03333333333333334
28,0.033333333333333326,0.033333333333333326,0.033333333333333326,0.033333333333333326,0.033333333333333326,0.033333333333333326,0.033333333333333326,0.033333333333333326,0.033333333333333326,0.033333333333333326,0.033333333333333326,0.033333333333333326,0.033333333333333326,0.033333333333333326,0.033333333333333326,0.033333333333333326,0.033333333333333326,0.033333333333333326,0.033333333333333326,0.033333333333333326,0.03333333333333342,0.033333333333333326,0.033333333333333326,0.033333333333333326,0.033333333333333326,0.033333333333333375,0.033333333333333326,0.033333333333333326,0.033333333333333326,0.033333333333333326
29,0.03333333333333333,0.03333333333333333,0.03333333333333333,0.03333333333333333,0.03333333333333333,0.03333333333333333,0.03333333333333333,0.03333333333333333,0.03333333333333333,0.03333333333333333,0.03333333333333333,0.03333333333333333,0.03333333333333333,0.03333333333333333,0.03333333333333333,0.03333333333333333,0.03333333333333333,0.03333333333333333,0.03333333333333333,0.03333333333333333,0.03333333333333333,0.03333333333333333,0.03333333333333333,0.03333333333333333,0.03333333333333333,0.03333333333333333,0.03333333333333333,0.03333333333333333,0.03333333333333333,0.03333333333333333
30,0.033333333333333326,0.033333333333333326,0.033333333333333326,0.033333333333333326,0.033333333333333326,0.033333333333333326,0.033333333333333326,0.033333333333333326,0.033333333333333326,0.033333333333333326,0.033333333333333326,0.033333333333333326,0.033333333333333326,0.033333333333333326,0.033333333333333326,0.033333333333333326,0.033333333333333326,0.033333333333333326,0.033333333333333326,0.033333333333333326,0.033333333333333326,0.033333333333333326,0.033333333333333326,0.033333333333333326,0.033333333333333326,0.033333333333333326,0.033333333333333326,0.033333333333333326,0.033333333333333326,0.03333333333333347
31,0.03333333333333334,0.03333333333333334,0.03333333333333334,0.03333333333333334,0.03333333333333334,0.03333333333333334,0.03333333333333334,0.03333333333333334,0.03333333333333334,0.03333333333333334,0.03333333333333334,0.03333333333333334,0.03333333333333334,0.03333333333333334,0.03333333333333334,0.03333333333333334,0.03333333333333334,0.03333333333333334,0.03333333333333334,0.03333333333333334,0.03333333333333334,0.03333333333333334,0.03333333333333334,0.03333333333333334,0.03333333333333334,0.03333333333333334,0.03333333333333334,0.03333333333333334,0.03333333333333328,0.03333333333333328
32,0.03333333333333333,0.03333333333333333,0.03333333333333333,0.03333333333333333,0.03333333333333333,0.03333333333333333,0.03333333333333333,0.03333333333333333,0.03333333333333333,0.03333333333333333,0.03333333333333333,0.03333333333333333,0.03333333333333333,0.03333333333333333,0.03333333333333334,0.03333333333333333,0.03333333333333333,0.03333333333333333,0.03333333333333333,0.03333333333333333,0.03333333333333333,0.03333333333333333,0.03333333333333333,0.03333333333333333,0.03333333333333333,0.03333333333333333,0.03333333333333333,0.03333333333333333,0.03333333333333333,0.03333333333333333
33,0.033333333333333326,0.033333333333333326,0.033333333333333326,0.033333333333333326,0.033333333333333326,0.033333333333333326,0.033333333333333326,0.033333333333333326,0.033333333333333326,0.033333333333333326,0.033333333333333326,0.033333333333333326,0.033333333333333326,0.033333333333333326,0.033333333333333326,0.033333333333333326,0.033333333333333326,0.033333333333333326,0.033333333333333326,0.033333333333333326,0.033333333333333326,0.033333333333333326,0.033333333333333326,0.033333333333333326,0.033333333333333326,0.033333333333333326,0.033333333333333326,0.03333333333333334,0.03333333333333334,0.03333333333333334
34,0.03333333333333333,0.03333333333333333,0.03333333333333334,0.03333333333333333,0.03333333333333333,0.03333333333333333,0.03333333333333333,0.03333333333333333,0.03333333333333333,0.03333333333333334,0.03333333333333333,0.03333333333333333,0.03333333333333333,0.03333333333333333,0.03333333333333333,0.03333333333333333,0.03333333333333333,0.03333333333333333,0.03333333333333333,0.03333333333333334,0.03333333333333333,0.03333333333333333,0.03333333333333333,0.03333333333333333,0.03333333333333334,0.03333333333333333,0.03333333333333333,0.03333333333333334,0.03333333333333333,0.03333333333333334
35,0.03333333333333333,0.03333333333333333,0.03333333333333333,0.03333333333333333,0.03333333333333333,0.03333333333333333,0.03333333333333333,0.03333333333333333,0.03333333333333333,0.03333333333333333,0.03333333333333333,0.03333333333333333,0.03333333333333333,0.03333333333333333,0.03333333333333333,0.03333333333333333,0.03333333333333333,0.03333333333333333,0.03333333333333333,0.03333333333333333,0.03333333333333333,0.03333333333333333,0.03333333333333333,0.03333333333333333,0.03333333333333333,0.03333333333333333,0.03333333333333333,0.03333333333333333,0.03333333333333333,0.033333333333333375
36,0.03333333333333333,0.03333333333333333,0.03333333333333333,0.03333333333333333,0.03333333333333333,0.03333333333333333,0.03333333333333333,0.03333333333333333,0.03333333333333333,0.03333333333333333,0.03333333333333333,0.03333333333333333,0.03333333333333333,0.03333333333333333,0.03333333333333333,0.03333333333333333,0.03333333333333333,0.03333333333333333,0.03333333333333333,0.03333333333333333,0.03333333333333333,0.03333333333333333,0.03333333333333333,0.03333333333333333,0.03333333333333333,0.03333333333333333,0.03333333333333333,0.03333333333333333,0.033333333333333354,0.033333333333333354
37,0.033333333333333326,0.033333333333333326,0.033333333333333326,0.033333333333333326,0.033333333333333326,0.033333333333333326,0.033333333333333326,0.033333333333333326,0.033333333333333326,0.033333333333333326,0.033333333333333326,0.033333333333333326,0.033333333333333326,0.033333333333333326,0.033333333333333326,0.033333333333333326,0.033333333333333326,0.033333333333333326,0.033333333333333326,0.033333333333333326,0.033333333333333326,0.033333333333333326,0.033333333333333326,0.033333333333333326,0.033333333333333326,0.033333333333333326,0.033333333333333326,0.03333333333333338,0.03333333333333338,0.03333333333333338
38,0.03333333333333334,0.03333333333333334,0.03333333333333334,0.03333333333333334,0.03333333333333334,0.03333333333333334,0.03333333333333334,0.03333333333333334,0.03333333333333334,0.03333333333333334,0.03333333333333334,0.03333333333333334,0.03333333333333333,0.03333333333333334,0.03333333333333334,0.03333333333333334,0.03333333333333334,0.03333333333333334,0.03333333333333334,0.03333333333333334,0.03333333333333334,0.03333333333333334,0.03333333333333334,0.03333333333333334,0.03333333333333334,0.03333333333333334,0.03333333333333334,0.03333333333333331,0.03333333333333331,0.03333333333333331
39,0.03333333333333333,0.03333333333333333,0.03333333333333333,0.03333333333333333,0.03333333333333333,0.03333333333333333,0.03333333333333333,0.03333333333333333,0.03333333333333333,0.03333333333333333,0.03333333333333333,0.03333333333333333,0.03333333333333333,0.03333333333333333,0.03333333333333333,0.03333333333333333,0.03333333333333333,0.03333333333333333,0.03333333333333333,0.03333333333333333,0.03333333333333333,0.03333333333333333,0.03333333333333333,0.03333333333333333,0.03333333333333333,0.03333333333333333,0.03333333333333334,0.03333333333333334,0.03333333333333334,0.03333333333333334
40,0.03333333333333334,0.03333333333333334,0.03333333333333334,0.03333333333333334,0.03333333333333333,0.03333333333333334,0.03333333333333333,0.03333333333333332,0.03333333333333333,0.03333333333333334,0.03333333333333333,0.03333333333333334,0.03333333333333334,0.033333333333333326,0.03333333333333334,0.03333333333333334,0.03333333333333332,0.033333333333333326,0.03333333333333334,0.03333333333333334,0.03333333333333333,0.033333333333333326,0.03333333333333333,0.03333333333333333,0.03333333333333334,0.03333333333333334,0.03333333333333334,0.03333333333333334,0.03333333333333334,0.03333333333333334
41,0.03333333333333334,0.03333333333333333,0.03333333333333334,0.03333333333333334,0.03333333333333334,0.03333333333333334,0.03333333333333333,0.03333333333333334,0.03333333333333334,0.03333333333333334,0.03333333333333334,0.03333333333333334,0.03333333333333333,0.03333333333333334,0.03333333333333334,0.03333333333333334,0.03333333333333334,0.03333333333333334,0.03333333333333333,0.03333333333333334,0.03333333333333333,0.03333333333333334,0.03333333333333334,0.03333333333333334,0.03333333333333333,0.03333333333333334,0.03333333333333333,0.03333333333333334,0.03333333333333334,0.03333333333333318
42,0.033333333333333326,0.033333333333333326,0.033333333333333326,0.033333333333333326,0.033333333333333326,0.033333333333333326,0.033333333333333326,0.033333333333333326,0.033333333333333326,0.033333333333333326,0.033333333333333326,0.033333333333333326,0.033333333333333326,0.033333333333333326,0.033333333333333326,0.033333333333333326,0.033333333333333326,0.033333333333333326,0.033333333333333326,0.033333333333333326,0.033333333333333326,0.033333333333333326,0.033333333333333326,0.033333333333333326,0.033333333333333326,0.033333333333333326,0.033333333333333326,0.03333333333333339,0.03333333333333339,0.03333333333333339
43,0.03333333333333333,0.03333333333333333,0.03333333333333333,0.03333333333333333,0.03333333333333333,0.03333333333333333,0.03333333333333333,0.03333333333333333,0.03333333333333333,0.03333333333333333,0.03333333333333333,0.03333333333333333,0.03333333333333333,0.03333333333333333,0.03333333333333333,0.03333333333333333,0.03333333333333333,0.03333333333333333,0.03333333333333333,0.03333333333333333,0.03333333333333333,0.03333333333333333,0.03333333333333333,0.03333333333333333,0.03333333333333333,0.03333333333333333,0.03333333333333333,0.03333333333333333,0.03333333333333333,0.03333333333333333
44,0.03333333333333333,0.03333333333333333,0.03333333333333333,0.03333333333333333,0.03333333333333333,0.03333333333333333,0.03333333333333333,0.03333333333333333,0.03333333333333333,0.03333333333333333,0.03333333333333333,0.03333333333333333,0.03333333333333333,0.03333333333333333,0.03333333333333333,0.03333333333333333,0.03333333333333333,0.03333333333333333,0.03333333333333333,0.03333333333333333,0.03333333333333333,0.03333333333333333,0.03333333333333333,0.03333333333333333,0.03333333333333333,0.03333333333333333,0.03333333333333333,0.03333333333333333,0.03333333333333333,0.03333333333333333
45,0.03333333333333333,0.03333333333333333,0.03333333333333333,0.03333333333333333,0.03333333333333333,0.03333333333333333,0.03333333333333333,0.03333333333333333,0.03333333333333333,0.03333333333333333,0.03333333333333333,0.03333333333333333,0.03333333333333333,0.03333333333333333,0.03333333333333333,0.03333333333333333,0.03333333333333333,0.03333333333333333,0.03333333333333333,0.03333333333333333,0.03333333333333333,0.03333333333333333,0.03333333333333333,0.03333333333333333,0.03333333333333333,0.03333333333333333,0.03333333333333333,0.033333333333333326,0.03333333333333333,0.03333333333333327
46,0.033333333333333326,0.033333333333333326,0.033333333333333326,0.033333333333333326,0.033333333333333326,0.033333333333333326,0.033333333333333326,0.033333333333333326,0.033333333333333326,0.033333333333333326,0.033333333333333326,0.033333333333333326,0.033333333333333326,0.033333333333333326,0.033333333333333326,0.033333333333333326,0.033333333333333326,0.033333333333333326,0.033333333333333326,0.033333333333333326,0.033333333333333326,0.033333333333333326,0.033333333333333326,0.033333333333333326,0.033333333333333326,0.03333333333333333,0.033333333333333326,0.033333333333333326,0.03333333333333338,0.03333333333333338
47,0.03333333333333335,0.03333333333333333,0.03333333333333333,0.03333333333333333,0.03333333333333333,0.03333333333333335,0.03333333333333335,0.03333333333333334,0.03333333333333336,0.03333333333333333,0.03333333333333334,0.03333333333333333,0.03333333333333333,0.033333333333333354,0.03333333333333333,0.03333333333333333,0.03333333333333333,0.03333333333333333,0.03333333333333333,0.03333333333333333,0.03333333333333333,0.03333333333333334,0.03333333333333334,0.03333333333333333,0.03333333333333334,0.03333333333333334,0.03333333333333334,0.03333333333333333,0.03333333333333333,0.03333333333333333
48,0.03333333333333333,0.03333333333333333,0.03333333333333333,0.03333333333333333,0.03333333333333333,0.03333333333333333,0.03333333333333333,0.03333333333333333,0.03333333333333333,0.03333333333333333,0.03333333333333333,0.03333333333333333,0.03333333333333333,0.03333333333333333,0.03333333333333333,0.03333333333333333,0.03333333333333333,0.03333333333333333,0.03333333333333333,0.03333333333333333,0.03333333333333333,0.03333333333333333,0.03333333333333333,0.03333333333333333,0.03333333333333333,0.03333333333333333,0.03333333333333333,0.03333333333333333,0.03333333333333333,0.03333333333333333
49,0.03333333333333333,0.03333333333333333,0.03333333333333333,0.03333333333333333,0.03333333333333333,0.03333333333333333,0.03333333333333333,0.03333333333333333,0.03333333333333333,0.03333333333333333,0.03333333333333333,0.03333333333333333,0.03333333333333333,0.03333333333333333,0.03333333333333333,0.03333333333333333,0.03333333333333333,0.03333333333333333,0.03333333333333333,0.03333333333333333,0.03333333333333333,0.03333333333333333,0.03333333333333333,0.03333333333333333,0.03333333333333333,0.03333333333333333,0.03333333333333333,0.03333333333333333,0.03333333333333333,0.03333333333333333
50,0.03333333333333333,0.03333333333333333,0.03333333333333333,0.03333333333333333,0.03333333333333333,0.03333333333333333,0.03333333333333333,0.03333333333333333,0.03333333333333333,0.03333333333333333,0.03333333333333333,0.03333333333333333,0.03333333333333333,0.03333333333333333,0.03333333333333333,0.03333333333333333,0.03333333333333333,0.03333333333333333,0.03333333333333333,0.03333333333333333,0.03333333333333333,0.03333333333333333,0.03333333333333333,0.03333333333333333,0.03333333333333333,0.03333333333333333,0.03333333333333333,0.03333333333333333,0.03333333333333333,0.03333333333333333
51,0.03333333333333333,0.03333333333333333,0.03333333333333333,0.03333333333333333,0.03333333333333333,0.03333333333333333,0.03333333333333333,0.03333333333333333,0.03333333333333333,0.03333333333333333,0.03333333333333333,0.03333333333333333,0.03333333333333333,0.03333333333333333,0.03333333333333333,0.03333333333333333,0.03333333333333333,0.03333333333333333,0.03333333333333333,0.03333333333333333,0.03333333333333333,0.03333333333333333,0.03333333333333333,0.03333333333333333,0.03333333333333333,0.03333333333333333,0.03333333333333333,0.03333333333333333,0.03333333333333333,0.03333333333333333
52,0.03333333333333334,0.03333333333333334,0.03333333333333334,0.03333333333333334,0.03333333333333334,0.03333333333333334,0.03333333333333334,0.03333333333333334,0.03333333333333334,0.03333333333333334,0.03333333333333334,0.03333333333333334,0.03333333333333333,0.03333333333333334,0.03333333333333333,0.03333333333333334,0.03333333333333334,0.03333333333333334,0.03333333333333334,0.03333333333333334,0.03333333333333334,0.03333333333333334,0.03333333333333334,0.03333333333333334,0.03333333333333334,0.03333333333333334,0.03333333333333334,0.03333333333333334,0.03333333333333334,0.033333333333333263
53,0.03333333333333333,0.03333333333333333,0.03333333333333333,0.03333333333333333,0.03333333333333333,0.03333333333333333,0.03333333333333334,0.03333333333333333,0.03333333333333333,0.03333333333333333,0.03333333333333333,0.03333333333333333,0.03333333333333333,0.03333333333333333,0.03333333333333333,0.03333333333333333,0.03333333333333333,0.03333333333333333,0.03333333333333333,0.03333333333333333,0.03333333333333333,0.03333333333333333,0.03333333333333333,0.03333333333333333,0.03333333333333333,0.03333333333333333,0.03333333333333333,0.03333333333333333,0.03333333333333333,0.03333333333333333
54,0.03333333333333334,0.03333333333333334,0.03333333333333334,0.03333333333333333,0.03333333333333334,0.03333333333333334,0.03333333333333333,0.03333333333333334,0.033333333333333326,0.03333333333333334,0.03333333333333333,0.03333333333333334,0.03333333333333334,0.03333333333333334,0.03333333333333334,0.03333333333333334,0.03333333333333334,0.03333333333333334,0.03333333333333334,0.03333333333333334,0.03333333333333334,0.03333333333333334,0.03333333333333334,0.03333333333333334,0.03333333333333334,0.03333333333333334,0.03333333333333334,0.03333333333333332,0.03333333333333333,0.03333333333333334
55,0.033333333333333326,0.033333333333333326,0.033333333333333326,0.033333333333333326,0.033333333333333326,0.033333333333333326,0.03333333333333334,0.03333333333333339,0.033333333333333326,0.03333333333333334,0.03333333333333333,0.033333333333333326,0.03333333333333333,0.033333333333333326,0.033333333333333354,0.03333333333333335,0.03333333333333333,0.033333333333333326,0.033333333333333326,0.033333333333333326,0.033333333333333326,0.033333333333333326,0.033333333333333326,0.03333333333333333,0.033333333333333326,0.033333333333333326,0.033333333333333326,0.03333333333333333,0.033333333333333326,0.033333333333333326
56,0.03333333333333333,0.03333333333333333,0.03333333333333333,0.03333333333333333,0.03333333333333333,0.03333333333333333,0.03333333333333333,0.03333333333333333,0.03333333333333333,0.03333333333333333,0.03333333333333333,0.03333333333333333,0.03333333333333333,0.03333333333333333,0.03333333333333333,0.03333333333333333,0.03333333333333333,0.03333333333333333,0.03333333333333333,0.03333333333333333,0.03333333333333333,0.03333333333333333,0.03333333333333333,0.03333333333333333,0.03333333333333333,0.03333333333333333,0.03333333333333333,0.03333333333333333,0.03333333333333333,0.03333333333333333
57,0.03333333333333333,0.03333333333333333,0.03333333333333333,0.03333333333333333,0.03333333333333333,0.03333333333333333,0.03333333333333333,0.03333333333333333,0.03333333333333333,0.03333333333333333,0.03333333333333333,0.03333333333333333,0.03333333333333333,0.03333333333333333,0.03333333333333333,0.03333333333333333,0.03333333333333333,0.03333333333333333,0.03333333333333333,0.03333333333333333,0.03333333333333333,0.03333333333333333,0.03333333333333333,0.03333333333333333,0.03333333333333333,0.03333333333333333,0.03333333333333333,0.03333333333333333,0.03333333333333333,0.03333333333333333
58,0.03333333333333332,0.03333333333333332,0.03333333333333332,0.03333333333333332,0.03333333333333332,0.033333333333333326,0.03333333333333332,0.033333333333333326,0.03333333333333332,0.03333333333333332,0.03333333333333332,0.03333333333333332,0.03333333333333332,0.03333333333333332,0.03333333333333332,0.03333333333333332,0.03333333333333332,0.03333333333333332,0.03333333333333332,0.03333333333333332,0.03333333333333332,0.03333333333333332,0.03333333333333332,0.03333333333333332,0.03333333333333332,0.033333333333333326,0.03333333333333332,0.03333333333333332,0.03333333333333342,0.03333333333333342
59,0.03333333333333333,0.03333333333333333,0.03333333333333333,0.03333333333333333,0.03333333333333333,0.03333333333333333,0.03333333333333333,0.03333333333333333,0.03333333333333333,0.03333333333333333,0.03333333333333333,0.03333333333333333,0.03333333333333333,0.03333333333333333,0.03333333333333333,0.03333333333333333,0.03333333333333333,0.03333333333333333,0.03333333333333333,0.03333333333333333,0.03333333333333333,0.03333333333333333,0.03333333333333333,0.03333333333333333,0.03333333333333333,0.03333333333333333,0.03333333333333333,0.03333333333333333,0.03333333333333333,0.03333333333333333
60,0.03333333333333334,0.03333333333333334,0.03333333333333334,0.03333333333333334,0.03333333333333334,0.03333333333333334,0.03333333333333334,0.03333333333333333,0.03333333333333334,0.03333333333333334,0.03333333333333334,0.03333333333333334,0.03333333333333334,0.03333333333333334,0.03333333333333334,0.03333333333333334,0.03333333333333334,0.03333333333333334,0.03333333333333334,0.03333333333333334,0.03333333333333334,0.03333333333333334,0.03333333333333334,0.03333333333333334,0.03333333333333334,0.03333333333333334,0.03333333333333334,0.03333333333333334,0.03333333333333329,0.03333333333333329
61,0.03333333333333333,0.03333333333333333,0.03333333333333333,0.03333333333333333,0.03333333333333333,0.03333333333333333,0.03333333333333333,0.03333333333333333,0.03333333333333333,0.03333333333333333,0.03333333333333333,0.03333333333333333,0.03333333333333333,0.03333333333333333,0.03333333333333333,0.03333333333333333,0.03333333333333333,0.03333333333333333,0.03333333333333333,0.03333333333333333,0.03333333333333333,0.03333333333333333,0.03333333333333333,0.03333333333333333,0.03333333333333333,0.03333333333333333,0.03333333333333333,0.03333333333333333,0.03333333333333333,0.033333333333333416
62,0.03333333333333333,0.033333333333333354,0.03333333333333333,0.03333333333333334,0.03333333333333335,0.03333333333333334,0.03333333333333334,0.03333333333333334,0.03333333333333333,0.03333333333333333,0.03333333333333333,0.03333333333333333,0.03333333333333334,0.03333333333333333,0.03333333333333333,0.03333333333333334,0.03333333333333334,0.03333333333333333,0.03333333333333334,0.03333333333333334,0.03333333333333334,0.03333333333333334,0.03333333333333333,0.03333333333333335,0.03333333333333333,0.03333333333333334,0.03333333333333333,0.03333333333333334,0.03333333333333335,0.03333333333333333
63,0.03333333333333333,0.03333333333333333,0.03333333333333333,0.03333333333333333,0.03333333333333333,0.03333333333333333,0.03333333333333333,0.03333333333333333,0.03333333333333333,0.03333333333333333,0.03333333333333333,0.03333333333333333,0.03333333333333333,0.03333333333333333,0.03333333333333333,0.03333333333333333,0.03333333333333333,0.03333333333333333,0.03333333333333333,0.03333333333333333,0.03333333333333333,0.03333333333333333,0.03333333333333333,0.03333333333333333,0.03333333333333333,0.03333333333333333,0.03333333333333333,0.03333333333333333,0.03333333333333333,0.03333333333333333
64,0.03333333333333333,0.03333333333333333,0.03333333333333333,0.03333333333333333,0.03333333333333333,0.03333333333333333,0.03333333333333333,0.03333333333333333,0.03333333333333333,0.03333333333333333,0.03333333333333333,0.03333333333333333,0.03333333333333333,0.03333333333333333,0.03333333333333333,0.03333333333333333,0.03333333333333333,0.03333333333333333,0.03333333333333333,0.03333333333333333,0.03333333333333333,0.03333333333333333,0.03333333333333333,0.03333333333333333,0.03333333333333333,0.03333333333333333,0.03333333333333333,0.03333333333333333,0.03333333333333333,0.03333333333333333
